0.0000 0.0000 -0.1600
0.0000 0.0000 -0.1333
0.0000 0.0000 -0.1067
0.0000 0.0000 -0.0800
0.0000 0.0000 -0.0533
0.0000 0.0000 -0.0267
0.0000 0.0000 0.0000
0.0000 0.0000 0.0267
0.0000 0.0000 0.0533
0.0000 0.0000 0.0800
0.0000 0.0000 0.1067
0.0000 0.0000 0.1333
0.0000 0.0000 0.1600
0.0267 0.0000 -0.1600
0.0267 0.0000 -0.1333
0.0267 0.0000 -0.1067
0.0267 0.0000 -0.0800
0.0267 0.0000 -0.0533
0.0267 0.0000 -0.0267
0.0267 0.0000 0.0000
0.0267 0.0000 0.0267
0.0267 0.0000 0.0533
0.0267 0.0000 0.0800
0.0267 0.0000 0.1067
0.0267 0.0000 0.1333
0.0267 0.0000 0.1600
0.0533 0.0000 -0.1600
0.0533 0.0000 -0.1333
0.0533 0.0000 -0.1067
0.0533 0.0000 -0.0800
0.0533 0.0000 -0.0533
0.0533 0.0000 -0.0267
0.0533 0.0000 0.0000
0.0533 0.0000 0.0267
0.0533 0.0000 0.0533
0.0533 0.0000 0.0800
0.0533 0.0000 0.1067
0.0533 0.0000 0.1333
0.0533 0.0000 0.1600
0.0800 0.0000 -0.1600
0.0800 0.0000 -0.1333
0.0800 0.0000 -0.1067
0.0800 0.0000 -0.0800
0.0800 0.0000 -0.0533
0.0800 0.0000 -0.0267
0.0800 0.0000 0.0000
0.0800 0.0000 0.0267
0.0800 0.0000 0.0533
0.0800 0.0000 0.0800
0.0800 0.0000 0.1067
0.0800 0.0000 0.1333
0.0800 0.0000 0.1600
0.1067 0.0000 -0.1600
0.1067 0.0000 -0.1333
0.1067 0.0000 -0.1067
0.1067 0.0000 -0.0800
0.1067 0.0000 -0.0533
0.1067 0.0000 -0.0267
0.1067 0.0000 0.0000
0.1067 0.0000 0.0267
0.1067 0.0000 0.0533
0.1067 0.0000 0.0800
0.1067 0.0000 0.1067
0.1067 0.0000 0.1333
0.1067 0.0000 0.1600
0.1333 0.0000 -0.1600
0.1333 0.0000 -0.1333
0.1333 0.0000 -0.1067
0.1333 0.0000 -0.0800
0.1333 0.0000 -0.0533
0.1333 0.0000 -0.0267
0.1333 0.0000 0.0000
0.1333 0.0000 0.0267
0.1333 0.0000 0.0533
0.1333 0.0000 0.0800
0.1333 0.0000 0.1067
0.1333 0.0000 0.1333
0.1333 0.0000 0.1600
0.1600 0.0000 -0.1600
0.1600 0.0000 -0.1333
0.1600 0.0000 -0.1067
0.1600 0.0000 -0.0800
0.1600 0.0000 -0.0533
0.1600 0.0000 -0.0267
0.1600 0.0000 0.0000
0.1600 0.0000 0.0267
0.1600 0.0000 0.0533
0.1600 0.0000 0.0800
0.1600 0.0000 0.1067
0.1600 0.0000 0.1333
0.1600 0.0000 0.1600
0.1867 0.0000 -0.1600
0.1867 0.0000 -0.1333
0.1867 0.0000 -0.1067
0.1867 0.0000 -0.0800
0.1867 0.0000 -0.0533
0.1867 0.0000 -0.0267
0.1867 0.0000 0.0000
0.1867 0.0000 0.0267
0.1867 0.0000 0.0533
0.1867 0.0000 0.0800
0.1867 0.0000 0.1067
0.1867 0.0000 0.1333
0.1867 0.0000 0.1600
0.2133 0.0000 -0.1600
0.2133 0.0000 -0.1333
0.2133 0.0000 -0.1067
0.2133 0.0000 -0.0800
0.2133 0.0000 -0.0533
0.2133 0.0000 -0.0267
0.2133 0.0000 0.0000
0.2133 0.0000 0.0267
0.2133 0.0000 0.0533
0.2133 0.0000 0.0800
0.2133 0.0000 0.1067
0.2133 0.0000 0.1333
0.2133 0.0000 0.1600
0.2400 0.0000 -0.1600
0.2400 0.0000 -0.1333
0.2400 0.0000 -0.1067
0.2400 0.0000 -0.0800
0.2400 0.0000 -0.0533
0.2400 0.0000 -0.0267
0.2400 0.0000 0.0000
0.2400 0.0000 0.0267
0.2400 0.0000 0.0533
0.2400 0.0000 0.0800
0.2400 0.0000 0.1067
0.2400 0.0000 0.1333
0.2400 0.0000 0.1600
0.2667 0.0000 -0.1600
0.2667 0.0000 -0.1333
0.2667 0.0000 -0.1067
0.2667 0.0000 -0.0800
0.2667 0.0000 -0.0533
0.2667 0.0000 -0.0267
0.2667 0.0000 0.0000
0.2667 0.0000 0.0267
0.2667 0.0000 0.0533
0.2667 0.0000 0.0800
0.2667 0.0000 0.1067
0.2667 0.0000 0.1333
0.2667 0.0000 0.1600
0.2933 0.0000 -0.1600
0.2933 0.0000 -0.1333
0.2933 0.0000 -0.1067
0.2933 0.0000 -0.0800
0.2933 0.0000 -0.0533
0.2933 0.0000 -0.0267
0.2933 0.0000 0.0000
0.2933 0.0000 0.0267
0.2933 0.0000 0.0533
0.2933 0.0000 0.0800
0.2933 0.0000 0.1067
0.2933 0.0000 0.1333
0.2933 0.0000 0.1600
0.3200 0.0000 -0.1600
0.3200 0.0000 -0.1333
0.3200 0.0000 -0.1067
0.3200 0.0000 -0.0800
0.3200 0.0000 -0.0533
0.3200 0.0000 -0.0267
0.3200 0.0000 0.0000
0.3200 0.0000 0.0267
0.3200 0.0000 0.0533
0.3200 0.0000 0.0800
0.3200 0.0000 0.1067
0.3200 0.0000 0.1333
0.3200 0.0000 0.1600
0.0000 0.0267 -0.1600
0.0000 0.0267 -0.1333
0.0000 0.0267 -0.1067
0.0000 0.0267 -0.0800
0.0000 0.0267 -0.0533
0.0000 0.0267 -0.0267
0.0000 0.0267 0.0000
0.0000 0.0267 0.0267
0.0000 0.0267 0.0533
0.0000 0.0267 0.0800
0.0000 0.0267 0.1067
0.0000 0.0267 0.1333
0.0000 0.0267 0.1600
0.0267 0.0267 -0.1600
0.0267 0.0267 -0.1333
0.0267 0.0267 -0.1067
0.0267 0.0267 -0.0800
0.0267 0.0267 -0.0533
0.0267 0.0267 -0.0267
0.0267 0.0267 0.0000
0.0267 0.0267 0.0267
0.0267 0.0267 0.0533
0.0267 0.0267 0.0800
0.0267 0.0267 0.1067
0.0267 0.0267 0.1333
0.0267 0.0267 0.1600
0.0533 0.0267 -0.1600
0.0533 0.0267 -0.1333
0.0533 0.0267 -0.1067
0.0533 0.0267 -0.0800
0.0533 0.0267 -0.0533
0.0533 0.0267 -0.0267
0.0533 0.0267 0.0000
0.0533 0.0267 0.0267
0.0533 0.0267 0.0533
0.0533 0.0267 0.0800
0.0533 0.0267 0.1067
0.0533 0.0267 0.1333
0.0533 0.0267 0.1600
0.0800 0.0267 -0.1600
0.0800 0.0267 -0.1333
0.0800 0.0267 -0.1067
0.0800 0.0267 -0.0800
0.0800 0.0267 -0.0533
0.0800 0.0267 -0.0267
0.0800 0.0267 0.0000
0.0800 0.0267 0.0267
0.0800 0.0267 0.0533
0.0800 0.0267 0.0800
0.0800 0.0267 0.1067
0.0800 0.0267 0.1333
0.0800 0.0267 0.1600
0.1067 0.0267 -0.1600
0.1067 0.0267 -0.1333
0.1067 0.0267 -0.1067
0.1067 0.0267 -0.0800
0.1067 0.0267 -0.0533
0.1067 0.0267 -0.0267
0.1067 0.0267 0.0000
0.1067 0.0267 0.0267
0.1067 0.0267 0.0533
0.1067 0.0267 0.0800
0.1067 0.0267 0.1067
0.1067 0.0267 0.1333
0.1067 0.0267 0.1600
0.1333 0.0267 -0.1600
0.1333 0.0267 -0.1333
0.1333 0.0267 -0.1067
0.1333 0.0267 -0.0800
0.1333 0.0267 -0.0533
0.1333 0.0267 -0.0267
0.1333 0.0267 0.0000
0.1333 0.0267 0.0267
0.1333 0.0267 0.0533
0.1333 0.0267 0.0800
0.1333 0.0267 0.1067
0.1333 0.0267 0.1333
0.1333 0.0267 0.1600
0.1600 0.0267 -0.1600
0.1600 0.0267 -0.1333
0.1600 0.0267 -0.1067
0.1600 0.0267 -0.0800
0.1600 0.0267 -0.0533
0.1600 0.0267 -0.0267
0.1600 0.0267 0.0000
0.1600 0.0267 0.0267
0.1600 0.0267 0.0533
0.1600 0.0267 0.0800
0.1600 0.0267 0.1067
0.1600 0.0267 0.1333
0.1600 0.0267 0.1600
0.1867 0.0267 -0.1600
0.1867 0.0267 -0.1333
0.1867 0.0267 -0.1067
0.1867 0.0267 -0.0800
0.1867 0.0267 -0.0533
0.1867 0.0267 -0.0267
0.1867 0.0267 0.0000
0.1867 0.0267 0.0267
0.1867 0.0267 0.0533
0.1867 0.0267 0.0800
0.1867 0.0267 0.1067
0.1867 0.0267 0.1333
0.1867 0.0267 0.1600
0.2133 0.0267 -0.1600
0.2133 0.0267 -0.1333
0.2133 0.0267 -0.1067
0.2133 0.0267 -0.0800
0.2133 0.0267 -0.0533
0.2133 0.0267 -0.0267
0.2133 0.0267 0.0000
0.2133 0.0267 0.0267
0.2133 0.0267 0.0533
0.2133 0.0267 0.0800
0.2133 0.0267 0.1067
0.2133 0.0267 0.1333
0.2133 0.0267 0.1600
0.2400 0.0267 -0.1600
0.2400 0.0267 -0.1333
0.2400 0.0267 -0.1067
0.2400 0.0267 -0.0800
0.2400 0.0267 -0.0533
0.2400 0.0267 -0.0267
0.2400 0.0267 0.0000
0.2400 0.0267 0.0267
0.2400 0.0267 0.0533
0.2400 0.0267 0.0800
0.2400 0.0267 0.1067
0.2400 0.0267 0.1333
0.2400 0.0267 0.1600
0.2667 0.0267 -0.1600
0.2667 0.0267 -0.1333
0.2667 0.0267 -0.1067
0.2667 0.0267 -0.0800
0.2667 0.0267 -0.0533
0.2667 0.0267 -0.0267
0.2667 0.0267 0.0000
0.2667 0.0267 0.0267
0.2667 0.0267 0.0533
0.2667 0.0267 0.0800
0.2667 0.0267 0.1067
0.2667 0.0267 0.1333
0.2667 0.0267 0.1600
0.2933 0.0267 -0.1600
0.2933 0.0267 -0.1333
0.2933 0.0267 -0.1067
0.2933 0.0267 -0.0800
0.2933 0.0267 -0.0533
0.2933 0.0267 -0.0267
0.2933 0.0267 0.0000
0.2933 0.0267 0.0267
0.2933 0.0267 0.0533
0.2933 0.0267 0.0800
0.2933 0.0267 0.1067
0.2933 0.0267 0.1333
0.2933 0.0267 0.1600
0.3200 0.0267 -0.1600
0.3200 0.0267 -0.1333
0.3200 0.0267 -0.1067
0.3200 0.0267 -0.0800
0.3200 0.0267 -0.0533
0.3200 0.0267 -0.0267
0.3200 0.0267 0.0000
0.3200 0.0267 0.0267
0.3200 0.0267 0.0533
0.3200 0.0267 0.0800
0.3200 0.0267 0.1067
0.3200 0.0267 0.1333
0.3200 0.0267 0.1600
0.0000 0.0533 -0.1600
0.0000 0.0533 -0.1333
0.0000 0.0533 -0.1067
0.0000 0.0533 -0.0800
0.0000 0.0533 -0.0533
0.0000 0.0533 -0.0267
0.0000 0.0533 0.0000
0.0000 0.0533 0.0267
0.0000 0.0533 0.0533
0.0000 0.0533 0.0800
0.0000 0.0533 0.1067
0.0000 0.0533 0.1333
0.0000 0.0533 0.1600
0.0267 0.0533 -0.1600
0.0267 0.0533 -0.1333
0.0267 0.0533 -0.1067
0.0267 0.0533 -0.0800
0.0267 0.0533 -0.0533
0.0267 0.0533 -0.0267
0.0267 0.0533 0.0000
0.0267 0.0533 0.0267
0.0267 0.0533 0.0533
0.0267 0.0533 0.0800
0.0267 0.0533 0.1067
0.0267 0.0533 0.1333
0.0267 0.0533 0.1600
0.0533 0.0533 -0.1600
0.0533 0.0533 -0.1333
0.0533 0.0533 -0.1067
0.0533 0.0533 -0.0800
0.0533 0.0533 -0.0533
0.0533 0.0533 -0.0267
0.0533 0.0533 0.0000
0.0533 0.0533 0.0267
0.0533 0.0533 0.0533
0.0533 0.0533 0.0800
0.0533 0.0533 0.1067
0.0533 0.0533 0.1333
0.0533 0.0533 0.1600
0.0800 0.0533 -0.1600
0.0800 0.0533 -0.1333
0.0800 0.0533 -0.1067
0.0800 0.0533 -0.0800
0.0800 0.0533 -0.0533
0.0800 0.0533 -0.0267
0.0800 0.0533 0.0000
0.0800 0.0533 0.0267
0.0800 0.0533 0.0533
0.0800 0.0533 0.0800
0.0800 0.0533 0.1067
0.0800 0.0533 0.1333
0.0800 0.0533 0.1600
0.1067 0.0533 -0.1600
0.1067 0.0533 -0.1333
0.1067 0.0533 -0.1067
0.1067 0.0533 -0.0800
0.1067 0.0533 -0.0533
0.1067 0.0533 -0.0267
0.1067 0.0533 0.0000
0.1067 0.0533 0.0267
0.1067 0.0533 0.0533
0.1067 0.0533 0.0800
0.1067 0.0533 0.1067
0.1067 0.0533 0.1333
0.1067 0.0533 0.1600
0.1333 0.0533 -0.1600
0.1333 0.0533 -0.1333
0.1333 0.0533 -0.1067
0.1333 0.0533 -0.0800
0.1333 0.0533 -0.0533
0.1333 0.0533 -0.0267
0.1333 0.0533 0.0000
0.1333 0.0533 0.0267
0.1333 0.0533 0.0533
0.1333 0.0533 0.0800
0.1333 0.0533 0.1067
0.1333 0.0533 0.1333
0.1333 0.0533 0.1600
0.1600 0.0533 -0.1600
0.1600 0.0533 -0.1333
0.1600 0.0533 -0.1067
0.1600 0.0533 -0.0800
0.1600 0.0533 -0.0533
0.1600 0.0533 -0.0267
0.1600 0.0533 0.0000
0.1600 0.0533 0.0267
0.1600 0.0533 0.0533
0.1600 0.0533 0.0800
0.1600 0.0533 0.1067
0.1600 0.0533 0.1333
0.1600 0.0533 0.1600
0.1867 0.0533 -0.1600
0.1867 0.0533 -0.1333
0.1867 0.0533 -0.1067
0.1867 0.0533 -0.0800
0.1867 0.0533 -0.0533
0.1867 0.0533 -0.0267
0.1867 0.0533 0.0000
0.1867 0.0533 0.0267
0.1867 0.0533 0.0533
0.1867 0.0533 0.0800
0.1867 0.0533 0.1067
0.1867 0.0533 0.1333
0.1867 0.0533 0.1600
0.2133 0.0533 -0.1600
0.2133 0.0533 -0.1333
0.2133 0.0533 -0.1067
0.2133 0.0533 -0.0800
0.2133 0.0533 -0.0533
0.2133 0.0533 -0.0267
0.2133 0.0533 0.0000
0.2133 0.0533 0.0267
0.2133 0.0533 0.0533
0.2133 0.0533 0.0800
0.2133 0.0533 0.1067
0.2133 0.0533 0.1333
0.2133 0.0533 0.1600
0.2400 0.0533 -0.1600
0.2400 0.0533 -0.1333
0.2400 0.0533 -0.1067
0.2400 0.0533 -0.0800
0.2400 0.0533 -0.0533
0.2400 0.0533 -0.0267
0.2400 0.0533 0.0000
0.2400 0.0533 0.0267
0.2400 0.0533 0.0533
0.2400 0.0533 0.0800
0.2400 0.0533 0.1067
0.2400 0.0533 0.1333
0.2400 0.0533 0.1600
0.2667 0.0533 -0.1600
0.2667 0.0533 -0.1333
0.2667 0.0533 -0.1067
0.2667 0.0533 -0.0800
0.2667 0.0533 -0.0533
0.2667 0.0533 -0.0267
0.2667 0.0533 0.0000
0.2667 0.0533 0.0267
0.2667 0.0533 0.0533
0.2667 0.0533 0.0800
0.2667 0.0533 0.1067
0.2667 0.0533 0.1333
0.2667 0.0533 0.1600
0.2933 0.0533 -0.1600
0.2933 0.0533 -0.1333
0.2933 0.0533 -0.1067
0.2933 0.0533 -0.0800
0.2933 0.0533 -0.0533
0.2933 0.0533 -0.0267
0.2933 0.0533 0.0000
0.2933 0.0533 0.0267
0.2933 0.0533 0.0533
0.2933 0.0533 0.0800
0.2933 0.0533 0.1067
0.2933 0.0533 0.1333
0.2933 0.0533 0.1600
0.3200 0.0533 -0.1600
0.3200 0.0533 -0.1333
0.3200 0.0533 -0.1067
0.3200 0.0533 -0.0800
0.3200 0.0533 -0.0533
0.3200 0.0533 -0.0267
0.3200 0.0533 0.0000
0.3200 0.0533 0.0267
0.3200 0.0533 0.0533
0.3200 0.0533 0.0800
0.3200 0.0533 0.1067
0.3200 0.0533 0.1333
0.3200 0.0533 0.1600
0.0000 0.0800 -0.1600
0.0000 0.0800 -0.1333
0.0000 0.0800 -0.1067
0.0000 0.0800 -0.0800
0.0000 0.0800 -0.0533
0.0000 0.0800 -0.0267
0.0000 0.0800 0.0000
0.0000 0.0800 0.0267
0.0000 0.0800 0.0533
0.0000 0.0800 0.0800
0.0000 0.0800 0.1067
0.0000 0.0800 0.1333
0.0000 0.0800 0.1600
0.0267 0.0800 -0.1600
0.0267 0.0800 -0.1333
0.0267 0.0800 -0.1067
0.0267 0.0800 -0.0800
0.0267 0.0800 -0.0533
0.0267 0.0800 -0.0267
0.0267 0.0800 0.0000
0.0267 0.0800 0.0267
0.0267 0.0800 0.0533
0.0267 0.0800 0.0800
0.0267 0.0800 0.1067
0.0267 0.0800 0.1333
0.0267 0.0800 0.1600
0.0533 0.0800 -0.1600
0.0533 0.0800 -0.1333
0.0533 0.0800 -0.1067
0.0533 0.0800 -0.0800
0.0533 0.0800 -0.0533
0.0533 0.0800 -0.0267
0.0533 0.0800 0.0000
0.0533 0.0800 0.0267
0.0533 0.0800 0.0533
0.0533 0.0800 0.0800
0.0533 0.0800 0.1067
0.0533 0.0800 0.1333
0.0533 0.0800 0.1600
0.0800 0.0800 -0.1600
0.0800 0.0800 -0.1333
0.0800 0.0800 -0.1067
0.0800 0.0800 -0.0800
0.0800 0.0800 -0.0533
0.0800 0.0800 -0.0267
0.0800 0.0800 0.0000
0.0800 0.0800 0.0267
0.0800 0.0800 0.0533
0.0800 0.0800 0.0800
0.0800 0.0800 0.1067
0.0800 0.0800 0.1333
0.0800 0.0800 0.1600
0.1067 0.0800 -0.1600
0.1067 0.0800 -0.1333
0.1067 0.0800 -0.1067
0.1067 0.0800 -0.0800
0.1067 0.0800 -0.0533
0.1067 0.0800 -0.0267
0.1067 0.0800 0.0000
0.1067 0.0800 0.0267
0.1067 0.0800 0.0533
0.1067 0.0800 0.0800
0.1067 0.0800 0.1067
0.1067 0.0800 0.1333
0.1067 0.0800 0.1600
0.1333 0.0800 -0.1600
0.1333 0.0800 -0.1333
0.1333 0.0800 -0.1067
0.1333 0.0800 -0.0800
0.1333 0.0800 -0.0533
0.1333 0.0800 -0.0267
0.1333 0.0800 0.0000
0.1333 0.0800 0.0267
0.1333 0.0800 0.0533
0.1333 0.0800 0.0800
0.1333 0.0800 0.1067
0.1333 0.0800 0.1333
0.1333 0.0800 0.1600
0.1600 0.0800 -0.1600
0.1600 0.0800 -0.1333
0.1600 0.0800 -0.1067
0.1600 0.0800 -0.0800
0.1600 0.0800 -0.0533
0.1600 0.0800 -0.0267
0.1600 0.0800 0.0000
0.1600 0.0800 0.0267
0.1600 0.0800 0.0533
0.1600 0.0800 0.0800
0.1600 0.0800 0.1067
0.1600 0.0800 0.1333
0.1600 0.0800 0.1600
0.1867 0.0800 -0.1600
0.1867 0.0800 -0.1333
0.1867 0.0800 -0.1067
0.1867 0.0800 -0.0800
0.1867 0.0800 -0.0533
0.1867 0.0800 -0.0267
0.1867 0.0800 0.0000
0.1867 0.0800 0.0267
0.1867 0.0800 0.0533
0.1867 0.0800 0.0800
0.1867 0.0800 0.1067
0.1867 0.0800 0.1333
0.1867 0.0800 0.1600
0.2133 0.0800 -0.1600
0.2133 0.0800 -0.1333
0.2133 0.0800 -0.1067
0.2133 0.0800 -0.0800
0.2133 0.0800 -0.0533
0.2133 0.0800 -0.0267
0.2133 0.0800 0.0000
0.2133 0.0800 0.0267
0.2133 0.0800 0.0533
0.2133 0.0800 0.0800
0.2133 0.0800 0.1067
0.2133 0.0800 0.1333
0.2133 0.0800 0.1600
0.2400 0.0800 -0.1600
0.2400 0.0800 -0.1333
0.2400 0.0800 -0.1067
0.2400 0.0800 -0.0800
0.2400 0.0800 -0.0533
0.2400 0.0800 -0.0267
0.2400 0.0800 0.0000
0.2400 0.0800 0.0267
0.2400 0.0800 0.0533
0.2400 0.0800 0.0800
0.2400 0.0800 0.1067
0.2400 0.0800 0.1333
0.2400 0.0800 0.1600
0.2667 0.0800 -0.1600
0.2667 0.0800 -0.1333
0.2667 0.0800 -0.1067
0.2667 0.0800 -0.0800
0.2667 0.0800 -0.0533
0.2667 0.0800 -0.0267
0.2667 0.0800 0.0000
0.2667 0.0800 0.0267
0.2667 0.0800 0.0533
0.2667 0.0800 0.0800
0.2667 0.0800 0.1067
0.2667 0.0800 0.1333
0.2667 0.0800 0.1600
0.2933 0.0800 -0.1600
0.2933 0.0800 -0.1333
0.2933 0.0800 -0.1067
0.2933 0.0800 -0.0800
0.2933 0.0800 -0.0533
0.2933 0.0800 -0.0267
0.2933 0.0800 0.0000
0.2933 0.0800 0.0267
0.2933 0.0800 0.0533
0.2933 0.0800 0.0800
0.2933 0.0800 0.1067
0.2933 0.0800 0.1333
0.2933 0.0800 0.1600
0.3200 0.0800 -0.1600
0.3200 0.0800 -0.1333
0.3200 0.0800 -0.1067
0.3200 0.0800 -0.0800
0.3200 0.0800 -0.0533
0.3200 0.0800 -0.0267
0.3200 0.0800 0.0000
0.3200 0.0800 0.0267
0.3200 0.0800 0.0533
0.3200 0.0800 0.0800
0.3200 0.0800 0.1067
0.3200 0.0800 0.1333
0.3200 0.0800 0.1600
0.0000 0.1067 -0.1600
0.0000 0.1067 -0.1333
0.0000 0.1067 -0.1067
0.0000 0.1067 -0.0800
0.0000 0.1067 -0.0533
0.0000 0.1067 -0.0267
0.0000 0.1067 0.0000
0.0000 0.1067 0.0267
0.0000 0.1067 0.0533
0.0000 0.1067 0.0800
0.0000 0.1067 0.1067
0.0000 0.1067 0.1333
0.0000 0.1067 0.1600
0.0267 0.1067 -0.1600
0.0267 0.1067 -0.1333
0.0267 0.1067 -0.1067
0.0267 0.1067 -0.0800
0.0267 0.1067 -0.0533
0.0267 0.1067 -0.0267
0.0267 0.1067 0.0000
0.0267 0.1067 0.0267
0.0267 0.1067 0.0533
0.0267 0.1067 0.0800
0.0267 0.1067 0.1067
0.0267 0.1067 0.1333
0.0267 0.1067 0.1600
0.0533 0.1067 -0.1600
0.0533 0.1067 -0.1333
0.0533 0.1067 -0.1067
0.0533 0.1067 -0.0800
0.0533 0.1067 -0.0533
0.0533 0.1067 -0.0267
0.0533 0.1067 0.0000
0.0533 0.1067 0.0267
0.0533 0.1067 0.0533
0.0533 0.1067 0.0800
0.0533 0.1067 0.1067
0.0533 0.1067 0.1333
0.0533 0.1067 0.1600
0.0800 0.1067 -0.1600
0.0800 0.1067 -0.1333
0.0800 0.1067 -0.1067
0.0800 0.1067 -0.0800
0.0800 0.1067 -0.0533
0.0800 0.1067 -0.0267
0.0800 0.1067 0.0000
0.0800 0.1067 0.0267
0.0800 0.1067 0.0533
0.0800 0.1067 0.0800
0.0800 0.1067 0.1067
0.0800 0.1067 0.1333
0.0800 0.1067 0.1600
0.1067 0.1067 -0.1600
0.1067 0.1067 -0.1333
0.1067 0.1067 -0.1067
0.1067 0.1067 -0.0800
0.1067 0.1067 -0.0533
0.1067 0.1067 -0.0267
0.1067 0.1067 0.0000
0.1067 0.1067 0.0267
0.1067 0.1067 0.0533
0.1067 0.1067 0.0800
0.1067 0.1067 0.1067
0.1067 0.1067 0.1333
0.1067 0.1067 0.1600
0.1333 0.1067 -0.1600
0.1333 0.1067 -0.1333
0.1333 0.1067 -0.1067
0.1333 0.1067 -0.0800
0.1333 0.1067 -0.0533
0.1333 0.1067 -0.0267
0.1333 0.1067 0.0000
0.1333 0.1067 0.0267
0.1333 0.1067 0.0533
0.1333 0.1067 0.0800
0.1333 0.1067 0.1067
0.1333 0.1067 0.1333
0.1333 0.1067 0.1600
0.1600 0.1067 -0.1600
0.1600 0.1067 -0.1333
0.1600 0.1067 -0.1067
0.1600 0.1067 -0.0800
0.1600 0.1067 -0.0533
0.1600 0.1067 -0.0267
0.1600 0.1067 0.0000
0.1600 0.1067 0.0267
0.1600 0.1067 0.0533
0.1600 0.1067 0.0800
0.1600 0.1067 0.1067
0.1600 0.1067 0.1333
0.1600 0.1067 0.1600
0.1867 0.1067 -0.1600
0.1867 0.1067 -0.1333
0.1867 0.1067 -0.1067
0.1867 0.1067 -0.0800
0.1867 0.1067 -0.0533
0.1867 0.1067 -0.0267
0.1867 0.1067 0.0000
0.1867 0.1067 0.0267
0.1867 0.1067 0.0533
0.1867 0.1067 0.0800
0.1867 0.1067 0.1067
0.1867 0.1067 0.1333
0.1867 0.1067 0.1600
0.2133 0.1067 -0.1600
0.2133 0.1067 -0.1333
0.2133 0.1067 -0.1067
0.2133 0.1067 -0.0800
0.2133 0.1067 -0.0533
0.2133 0.1067 -0.0267
0.2133 0.1067 0.0000
0.2133 0.1067 0.0267
0.2133 0.1067 0.0533
0.2133 0.1067 0.0800
0.2133 0.1067 0.1067
0.2133 0.1067 0.1333
0.2133 0.1067 0.1600
0.2400 0.1067 -0.1600
0.2400 0.1067 -0.1333
0.2400 0.1067 -0.1067
0.2400 0.1067 -0.0800
0.2400 0.1067 -0.0533
0.2400 0.1067 -0.0267
0.2400 0.1067 0.0000
0.2400 0.1067 0.0267
0.2400 0.1067 0.0533
0.2400 0.1067 0.0800
0.2400 0.1067 0.1067
0.2400 0.1067 0.1333
0.2400 0.1067 0.1600
0.2667 0.1067 -0.1600
0.2667 0.1067 -0.1333
0.2667 0.1067 -0.1067
0.2667 0.1067 -0.0800
0.2667 0.1067 -0.0533
0.2667 0.1067 -0.0267
0.2667 0.1067 0.0000
0.2667 0.1067 0.0267
0.2667 0.1067 0.0533
0.2667 0.1067 0.0800
0.2667 0.1067 0.1067
0.2667 0.1067 0.1333
0.2667 0.1067 0.1600
0.2933 0.1067 -0.1600
0.2933 0.1067 -0.1333
0.2933 0.1067 -0.1067
0.2933 0.1067 -0.0800
0.2933 0.1067 -0.0533
0.2933 0.1067 -0.0267
0.2933 0.1067 0.0000
0.2933 0.1067 0.0267
0.2933 0.1067 0.0533
0.2933 0.1067 0.0800
0.2933 0.1067 0.1067
0.2933 0.1067 0.1333
0.2933 0.1067 0.1600
0.3200 0.1067 -0.1600
0.3200 0.1067 -0.1333
0.3200 0.1067 -0.1067
0.3200 0.1067 -0.0800
0.3200 0.1067 -0.0533
0.3200 0.1067 -0.0267
0.3200 0.1067 0.0000
0.3200 0.1067 0.0267
0.3200 0.1067 0.0533
0.3200 0.1067 0.0800
0.3200 0.1067 0.1067
0.3200 0.1067 0.1333
0.3200 0.1067 0.1600
0.0000 0.1333 -0.1600
0.0000 0.1333 -0.1333
0.0000 0.1333 -0.1067
0.0000 0.1333 -0.0800
0.0000 0.1333 -0.0533
0.0000 0.1333 -0.0267
0.0000 0.1333 0.0000
0.0000 0.1333 0.0267
0.0000 0.1333 0.0533
0.0000 0.1333 0.0800
0.0000 0.1333 0.1067
0.0000 0.1333 0.1333
0.0000 0.1333 0.1600
0.0267 0.1333 -0.1600
0.0267 0.1333 -0.1333
0.0267 0.1333 -0.1067
0.0267 0.1333 -0.0800
0.0267 0.1333 -0.0533
0.0267 0.1333 -0.0267
0.0267 0.1333 0.0000
0.0267 0.1333 0.0267
0.0267 0.1333 0.0533
0.0267 0.1333 0.0800
0.0267 0.1333 0.1067
0.0267 0.1333 0.1333
0.0267 0.1333 0.1600
0.0533 0.1333 -0.1600
0.0533 0.1333 -0.1333
0.0533 0.1333 -0.1067
0.0533 0.1333 -0.0800
0.0533 0.1333 -0.0533
0.0533 0.1333 -0.0267
0.0533 0.1333 0.0000
0.0533 0.1333 0.0267
0.0533 0.1333 0.0533
0.0533 0.1333 0.0800
0.0533 0.1333 0.1067
0.0533 0.1333 0.1333
0.0533 0.1333 0.1600
0.0800 0.1333 -0.1600
0.0800 0.1333 -0.1333
0.0800 0.1333 -0.1067
0.0800 0.1333 -0.0800
0.0800 0.1333 -0.0533
0.0800 0.1333 -0.0267
0.0800 0.1333 0.0000
0.0800 0.1333 0.0267
0.0800 0.1333 0.0533
0.0800 0.1333 0.0800
0.0800 0.1333 0.1067
0.0800 0.1333 0.1333
0.0800 0.1333 0.1600
0.1067 0.1333 -0.1600
0.1067 0.1333 -0.1333
0.1067 0.1333 -0.1067
0.1067 0.1333 -0.0800
0.1067 0.1333 -0.0533
0.1067 0.1333 -0.0267
0.1067 0.1333 0.0000
0.1067 0.1333 0.0267
0.1067 0.1333 0.0533
0.1067 0.1333 0.0800
0.1067 0.1333 0.1067
0.1067 0.1333 0.1333
0.1067 0.1333 0.1600
0.1333 0.1333 -0.1600
0.1333 0.1333 -0.1333
0.1333 0.1333 -0.1067
0.1333 0.1333 -0.0800
0.1333 0.1333 -0.0533
0.1333 0.1333 -0.0267
0.1333 0.1333 0.0000
0.1333 0.1333 0.0267
0.1333 0.1333 0.0533
0.1333 0.1333 0.0800
0.1333 0.1333 0.1067
0.1333 0.1333 0.1333
0.1333 0.1333 0.1600
0.1600 0.1333 -0.1600
0.1600 0.1333 -0.1333
0.1600 0.1333 -0.1067
0.1600 0.1333 -0.0800
0.1600 0.1333 -0.0533
0.1600 0.1333 -0.0267
0.1600 0.1333 0.0000
0.1600 0.1333 0.0267
0.1600 0.1333 0.0533
0.1600 0.1333 0.0800
0.1600 0.1333 0.1067
0.1600 0.1333 0.1333
0.1600 0.1333 0.1600
0.1867 0.1333 -0.1600
0.1867 0.1333 -0.1333
0.1867 0.1333 -0.1067
0.1867 0.1333 -0.0800
0.1867 0.1333 -0.0533
0.1867 0.1333 -0.0267
0.1867 0.1333 0.0000
0.1867 0.1333 0.0267
0.1867 0.1333 0.0533
0.1867 0.1333 0.0800
0.1867 0.1333 0.1067
0.1867 0.1333 0.1333
0.1867 0.1333 0.1600
0.2133 0.1333 -0.1600
0.2133 0.1333 -0.1333
0.2133 0.1333 -0.1067
0.2133 0.1333 -0.0800
0.2133 0.1333 -0.0533
0.2133 0.1333 -0.0267
0.2133 0.1333 0.0000
0.2133 0.1333 0.0267
0.2133 0.1333 0.0533
0.2133 0.1333 0.0800
0.2133 0.1333 0.1067
0.2133 0.1333 0.1333
0.2133 0.1333 0.1600
0.2400 0.1333 -0.1600
0.2400 0.1333 -0.1333
0.2400 0.1333 -0.1067
0.2400 0.1333 -0.0800
0.2400 0.1333 -0.0533
0.2400 0.1333 -0.0267
0.2400 0.1333 0.0000
0.2400 0.1333 0.0267
0.2400 0.1333 0.0533
0.2400 0.1333 0.0800
0.2400 0.1333 0.1067
0.2400 0.1333 0.1333
0.2400 0.1333 0.1600
0.2667 0.1333 -0.1600
0.2667 0.1333 -0.1333
0.2667 0.1333 -0.1067
0.2667 0.1333 -0.0800
0.2667 0.1333 -0.0533
0.2667 0.1333 -0.0267
0.2667 0.1333 0.0000
0.2667 0.1333 0.0267
0.2667 0.1333 0.0533
0.2667 0.1333 0.0800
0.2667 0.1333 0.1067
0.2667 0.1333 0.1333
0.2667 0.1333 0.1600
0.2933 0.1333 -0.1600
0.2933 0.1333 -0.1333
0.2933 0.1333 -0.1067
0.2933 0.1333 -0.0800
0.2933 0.1333 -0.0533
0.2933 0.1333 -0.0267
0.2933 0.1333 0.0000
0.2933 0.1333 0.0267
0.2933 0.1333 0.0533
0.2933 0.1333 0.0800
0.2933 0.1333 0.1067
0.2933 0.1333 0.1333
0.2933 0.1333 0.1600
0.3200 0.1333 -0.1600
0.3200 0.1333 -0.1333
0.3200 0.1333 -0.1067
0.3200 0.1333 -0.0800
0.3200 0.1333 -0.0533
0.3200 0.1333 -0.0267
0.3200 0.1333 0.0000
0.3200 0.1333 0.0267
0.3200 0.1333 0.0533
0.3200 0.1333 0.0800
0.3200 0.1333 0.1067
0.3200 0.1333 0.1333
0.3200 0.1333 0.1600
0.0000 0.1600 -0.1600
0.0000 0.1600 -0.1333
0.0000 0.1600 -0.1067
0.0000 0.1600 -0.0800
0.0000 0.1600 -0.0533
0.0000 0.1600 -0.0267
0.0000 0.1600 0.0000
0.0000 0.1600 0.0267
0.0000 0.1600 0.0533
0.0000 0.1600 0.0800
0.0000 0.1600 0.1067
0.0000 0.1600 0.1333
0.0000 0.1600 0.1600
0.0267 0.1600 -0.1600
0.0267 0.1600 -0.1333
0.0267 0.1600 -0.1067
0.0267 0.1600 -0.0800
0.0267 0.1600 -0.0533
0.0267 0.1600 -0.0267
0.0267 0.1600 0.0000
0.0267 0.1600 0.0267
0.0267 0.1600 0.0533
0.0267 0.1600 0.0800
0.0267 0.1600 0.1067
0.0267 0.1600 0.1333
0.0267 0.1600 0.1600
0.0533 0.1600 -0.1600
0.0533 0.1600 -0.1333
0.0533 0.1600 -0.1067
0.0533 0.1600 -0.0800
0.0533 0.1600 -0.0533
0.0533 0.1600 -0.0267
0.0533 0.1600 0.0000
0.0533 0.1600 0.0267
0.0533 0.1600 0.0533
0.0533 0.1600 0.0800
0.0533 0.1600 0.1067
0.0533 0.1600 0.1333
0.0533 0.1600 0.1600
0.0800 0.1600 -0.1600
0.0800 0.1600 -0.1333
0.0800 0.1600 -0.1067
0.0800 0.1600 -0.0800
0.0800 0.1600 -0.0533
0.0800 0.1600 -0.0267
0.0800 0.1600 0.0000
0.0800 0.1600 0.0267
0.0800 0.1600 0.0533
0.0800 0.1600 0.0800
0.0800 0.1600 0.1067
0.0800 0.1600 0.1333
0.0800 0.1600 0.1600
0.1067 0.1600 -0.1600
0.1067 0.1600 -0.1333
0.1067 0.1600 -0.1067
0.1067 0.1600 -0.0800
0.1067 0.1600 -0.0533
0.1067 0.1600 -0.0267
0.1067 0.1600 0.0000
0.1067 0.1600 0.0267
0.1067 0.1600 0.0533
0.1067 0.1600 0.0800
0.1067 0.1600 0.1067
0.1067 0.1600 0.1333
0.1067 0.1600 0.1600
0.1333 0.1600 -0.1600
0.1333 0.1600 -0.1333
0.1333 0.1600 -0.1067
0.1333 0.1600 -0.0800
0.1333 0.1600 -0.0533
0.1333 0.1600 -0.0267
0.1333 0.1600 0.0000
0.1333 0.1600 0.0267
0.1333 0.1600 0.0533
0.1333 0.1600 0.0800
0.1333 0.1600 0.1067
0.1333 0.1600 0.1333
0.1333 0.1600 0.1600
0.1600 0.1600 -0.1600
0.1600 0.1600 -0.1333
0.1600 0.1600 -0.1067
0.1600 0.1600 -0.0800
0.1600 0.1600 -0.0533
0.1600 0.1600 -0.0267
0.1600 0.1600 0.0000
0.1600 0.1600 0.0267
0.1600 0.1600 0.0533
0.1600 0.1600 0.0800
0.1600 0.1600 0.1067
0.1600 0.1600 0.1333
0.1600 0.1600 0.1600
0.1867 0.1600 -0.1600
0.1867 0.1600 -0.1333
0.1867 0.1600 -0.1067
0.1867 0.1600 -0.0800
0.1867 0.1600 -0.0533
0.1867 0.1600 -0.0267
0.1867 0.1600 0.0000
0.1867 0.1600 0.0267
0.1867 0.1600 0.0533
0.1867 0.1600 0.0800
0.1867 0.1600 0.1067
0.1867 0.1600 0.1333
0.1867 0.1600 0.1600
0.2133 0.1600 -0.1600
0.2133 0.1600 -0.1333
0.2133 0.1600 -0.1067
0.2133 0.1600 -0.0800
0.2133 0.1600 -0.0533
0.2133 0.1600 -0.0267
0.2133 0.1600 0.0000
0.2133 0.1600 0.0267
0.2133 0.1600 0.0533
0.2133 0.1600 0.0800
0.2133 0.1600 0.1067
0.2133 0.1600 0.1333
0.2133 0.1600 0.1600
0.2400 0.1600 -0.1600
0.2400 0.1600 -0.1333
0.2400 0.1600 -0.1067
0.2400 0.1600 -0.0800
0.2400 0.1600 -0.0533
0.2400 0.1600 -0.0267
0.2400 0.1600 0.0000
0.2400 0.1600 0.0267
0.2400 0.1600 0.0533
0.2400 0.1600 0.0800
0.2400 0.1600 0.1067
0.2400 0.1600 0.1333
0.2400 0.1600 0.1600
0.2667 0.1600 -0.1600
0.2667 0.1600 -0.1333
0.2667 0.1600 -0.1067
0.2667 0.1600 -0.0800
0.2667 0.1600 -0.0533
0.2667 0.1600 -0.0267
0.2667 0.1600 0.0000
0.2667 0.1600 0.0267
0.2667 0.1600 0.0533
0.2667 0.1600 0.0800
0.2667 0.1600 0.1067
0.2667 0.1600 0.1333
0.2667 0.1600 0.1600
0.2933 0.1600 -0.1600
0.2933 0.1600 -0.1333
0.2933 0.1600 -0.1067
0.2933 0.1600 -0.0800
0.2933 0.1600 -0.0533
0.2933 0.1600 -0.0267
0.2933 0.1600 0.0000
0.2933 0.1600 0.0267
0.2933 0.1600 0.0533
0.2933 0.1600 0.0800
0.2933 0.1600 0.1067
0.2933 0.1600 0.1333
0.2933 0.1600 0.1600
0.3200 0.1600 -0.1600
0.3200 0.1600 -0.1333
0.3200 0.1600 -0.1067
0.3200 0.1600 -0.0800
0.3200 0.1600 -0.0533
0.3200 0.1600 -0.0267
0.3200 0.1600 0.0000
0.3200 0.1600 0.0267
0.3200 0.1600 0.0533
0.3200 0.1600 0.0800
0.3200 0.1600 0.1067
0.3200 0.1600 0.1333
0.3200 0.1600 0.1600
0.0000 0.1867 -0.1600
0.0000 0.1867 -0.1333
0.0000 0.1867 -0.1067
0.0000 0.1867 -0.0800
0.0000 0.1867 -0.0533
0.0000 0.1867 -0.0267
0.0000 0.1867 0.0000
0.0000 0.1867 0.0267
0.0000 0.1867 0.0533
0.0000 0.1867 0.0800
0.0000 0.1867 0.1067
0.0000 0.1867 0.1333
0.0000 0.1867 0.1600
0.0267 0.1867 -0.1600
0.0267 0.1867 -0.1333
0.0267 0.1867 -0.1067
0.0267 0.1867 -0.0800
0.0267 0.1867 -0.0533
0.0267 0.1867 -0.0267
0.0267 0.1867 0.0000
0.0267 0.1867 0.0267
0.0267 0.1867 0.0533
0.0267 0.1867 0.0800
0.0267 0.1867 0.1067
0.0267 0.1867 0.1333
0.0267 0.1867 0.1600
0.0533 0.1867 -0.1600
0.0533 0.1867 -0.1333
0.0533 0.1867 -0.1067
0.0533 0.1867 -0.0800
0.0533 0.1867 -0.0533
0.0533 0.1867 -0.0267
0.0533 0.1867 0.0000
0.0533 0.1867 0.0267
0.0533 0.1867 0.0533
0.0533 0.1867 0.0800
0.0533 0.1867 0.1067
0.0533 0.1867 0.1333
0.0533 0.1867 0.1600
0.0800 0.1867 -0.1600
0.0800 0.1867 -0.1333
0.0800 0.1867 -0.1067
0.0800 0.1867 -0.0800
0.0800 0.1867 -0.0533
0.0800 0.1867 -0.0267
0.0800 0.1867 0.0000
0.0800 0.1867 0.0267
0.0800 0.1867 0.0533
0.0800 0.1867 0.0800
0.0800 0.1867 0.1067
0.0800 0.1867 0.1333
0.0800 0.1867 0.1600
0.1067 0.1867 -0.1600
0.1067 0.1867 -0.1333
0.1067 0.1867 -0.1067
0.1067 0.1867 -0.0800
0.1067 0.1867 -0.0533
0.1067 0.1867 -0.0267
0.1067 0.1867 0.0000
0.1067 0.1867 0.0267
0.1067 0.1867 0.0533
0.1067 0.1867 0.0800
0.1067 0.1867 0.1067
0.1067 0.1867 0.1333
0.1067 0.1867 0.1600
0.1333 0.1867 -0.1600
0.1333 0.1867 -0.1333
0.1333 0.1867 -0.1067
0.1333 0.1867 -0.0800
0.1333 0.1867 -0.0533
0.1333 0.1867 -0.0267
0.1333 0.1867 0.0000
0.1333 0.1867 0.0267
0.1333 0.1867 0.0533
0.1333 0.1867 0.0800
0.1333 0.1867 0.1067
0.1333 0.1867 0.1333
0.1333 0.1867 0.1600
0.1600 0.1867 -0.1600
0.1600 0.1867 -0.1333
0.1600 0.1867 -0.1067
0.1600 0.1867 -0.0800
0.1600 0.1867 -0.0533
0.1600 0.1867 -0.0267
0.1600 0.1867 0.0000
0.1600 0.1867 0.0267
0.1600 0.1867 0.0533
0.1600 0.1867 0.0800
0.1600 0.1867 0.1067
0.1600 0.1867 0.1333
0.1600 0.1867 0.1600
0.1867 0.1867 -0.1600
0.1867 0.1867 -0.1333
0.1867 0.1867 -0.1067
0.1867 0.1867 -0.0800
0.1867 0.1867 -0.0533
0.1867 0.1867 -0.0267
0.1867 0.1867 0.0000
0.1867 0.1867 0.0267
0.1867 0.1867 0.0533
0.1867 0.1867 0.0800
0.1867 0.1867 0.1067
0.1867 0.1867 0.1333
0.1867 0.1867 0.1600
0.2133 0.1867 -0.1600
0.2133 0.1867 -0.1333
0.2133 0.1867 -0.1067
0.2133 0.1867 -0.0800
0.2133 0.1867 -0.0533
0.2133 0.1867 -0.0267
0.2133 0.1867 0.0000
0.2133 0.1867 0.0267
0.2133 0.1867 0.0533
0.2133 0.1867 0.0800
0.2133 0.1867 0.1067
0.2133 0.1867 0.1333
0.2133 0.1867 0.1600
0.2400 0.1867 -0.1600
0.2400 0.1867 -0.1333
0.2400 0.1867 -0.1067
0.2400 0.1867 -0.0800
0.2400 0.1867 -0.0533
0.2400 0.1867 -0.0267
0.2400 0.1867 0.0000
0.2400 0.1867 0.0267
0.2400 0.1867 0.0533
0.2400 0.1867 0.0800
0.2400 0.1867 0.1067
0.2400 0.1867 0.1333
0.2400 0.1867 0.1600
0.2667 0.1867 -0.1600
0.2667 0.1867 -0.1333
0.2667 0.1867 -0.1067
0.2667 0.1867 -0.0800
0.2667 0.1867 -0.0533
0.2667 0.1867 -0.0267
0.2667 0.1867 0.0000
0.2667 0.1867 0.0267
0.2667 0.1867 0.0533
0.2667 0.1867 0.0800
0.2667 0.1867 0.1067
0.2667 0.1867 0.1333
0.2667 0.1867 0.1600
0.2933 0.1867 -0.1600
0.2933 0.1867 -0.1333
0.2933 0.1867 -0.1067
0.2933 0.1867 -0.0800
0.2933 0.1867 -0.0533
0.2933 0.1867 -0.0267
0.2933 0.1867 0.0000
0.2933 0.1867 0.0267
0.2933 0.1867 0.0533
0.2933 0.1867 0.0800
0.2933 0.1867 0.1067
0.2933 0.1867 0.1333
0.2933 0.1867 0.1600
0.3200 0.1867 -0.1600
0.3200 0.1867 -0.1333
0.3200 0.1867 -0.1067
0.3200 0.1867 -0.0800
0.3200 0.1867 -0.0533
0.3200 0.1867 -0.0267
0.3200 0.1867 0.0000
0.3200 0.1867 0.0267
0.3200 0.1867 0.0533
0.3200 0.1867 0.0800
0.3200 0.1867 0.1067
0.3200 0.1867 0.1333
0.3200 0.1867 0.1600
0.0000 0.2133 -0.1600
0.0000 0.2133 -0.1333
0.0000 0.2133 -0.1067
0.0000 0.2133 -0.0800
0.0000 0.2133 -0.0533
0.0000 0.2133 -0.0267
0.0000 0.2133 0.0000
0.0000 0.2133 0.0267
0.0000 0.2133 0.0533
0.0000 0.2133 0.0800
0.0000 0.2133 0.1067
0.0000 0.2133 0.1333
0.0000 0.2133 0.1600
0.0267 0.2133 -0.1600
0.0267 0.2133 -0.1333
0.0267 0.2133 -0.1067
0.0267 0.2133 -0.0800
0.0267 0.2133 -0.0533
0.0267 0.2133 -0.0267
0.0267 0.2133 0.0000
0.0267 0.2133 0.0267
0.0267 0.2133 0.0533
0.0267 0.2133 0.0800
0.0267 0.2133 0.1067
0.0267 0.2133 0.1333
0.0267 0.2133 0.1600
0.0533 0.2133 -0.1600
0.0533 0.2133 -0.1333
0.0533 0.2133 -0.1067
0.0533 0.2133 -0.0800
0.0533 0.2133 -0.0533
0.0533 0.2133 -0.0267
0.0533 0.2133 0.0000
0.0533 0.2133 0.0267
0.0533 0.2133 0.0533
0.0533 0.2133 0.0800
0.0533 0.2133 0.1067
0.0533 0.2133 0.1333
0.0533 0.2133 0.1600
0.0800 0.2133 -0.1600
0.0800 0.2133 -0.1333
0.0800 0.2133 -0.1067
0.0800 0.2133 -0.0800
0.0800 0.2133 -0.0533
0.0800 0.2133 -0.0267
0.0800 0.2133 0.0000
0.0800 0.2133 0.0267
0.0800 0.2133 0.0533
0.0800 0.2133 0.0800
0.0800 0.2133 0.1067
0.0800 0.2133 0.1333
0.0800 0.2133 0.1600
0.1067 0.2133 -0.1600
0.1067 0.2133 -0.1333
0.1067 0.2133 -0.1067
0.1067 0.2133 -0.0800
0.1067 0.2133 -0.0533
0.1067 0.2133 -0.0267
0.1067 0.2133 0.0000
0.1067 0.2133 0.0267
0.1067 0.2133 0.0533
0.1067 0.2133 0.0800
0.1067 0.2133 0.1067
0.1067 0.2133 0.1333
0.1067 0.2133 0.1600
0.1333 0.2133 -0.1600
0.1333 0.2133 -0.1333
0.1333 0.2133 -0.1067
0.1333 0.2133 -0.0800
0.1333 0.2133 -0.0533
0.1333 0.2133 -0.0267
0.1333 0.2133 0.0000
0.1333 0.2133 0.0267
0.1333 0.2133 0.0533
0.1333 0.2133 0.0800
0.1333 0.2133 0.1067
0.1333 0.2133 0.1333
0.1333 0.2133 0.1600
0.1600 0.2133 -0.1600
0.1600 0.2133 -0.1333
0.1600 0.2133 -0.1067
0.1600 0.2133 -0.0800
0.1600 0.2133 -0.0533
0.1600 0.2133 -0.0267
0.1600 0.2133 0.0000
0.1600 0.2133 0.0267
0.1600 0.2133 0.0533
0.1600 0.2133 0.0800
0.1600 0.2133 0.1067
0.1600 0.2133 0.1333
0.1600 0.2133 0.1600
0.1867 0.2133 -0.1600
0.1867 0.2133 -0.1333
0.1867 0.2133 -0.1067
0.1867 0.2133 -0.0800
0.1867 0.2133 -0.0533
0.1867 0.2133 -0.0267
0.1867 0.2133 0.0000
0.1867 0.2133 0.0267
0.1867 0.2133 0.0533
0.1867 0.2133 0.0800
0.1867 0.2133 0.1067
0.1867 0.2133 0.1333
0.1867 0.2133 0.1600
0.2133 0.2133 -0.1600
0.2133 0.2133 -0.1333
0.2133 0.2133 -0.1067
0.2133 0.2133 -0.0800
0.2133 0.2133 -0.0533
0.2133 0.2133 -0.0267
0.2133 0.2133 0.0000
0.2133 0.2133 0.0267
0.2133 0.2133 0.0533
0.2133 0.2133 0.0800
0.2133 0.2133 0.1067
0.2133 0.2133 0.1333
0.2133 0.2133 0.1600
0.2400 0.2133 -0.1600
0.2400 0.2133 -0.1333
0.2400 0.2133 -0.1067
0.2400 0.2133 -0.0800
0.2400 0.2133 -0.0533
0.2400 0.2133 -0.0267
0.2400 0.2133 0.0000
0.2400 0.2133 0.0267
0.2400 0.2133 0.0533
0.2400 0.2133 0.0800
0.2400 0.2133 0.1067
0.2400 0.2133 0.1333
0.2400 0.2133 0.1600
0.2667 0.2133 -0.1600
0.2667 0.2133 -0.1333
0.2667 0.2133 -0.1067
0.2667 0.2133 -0.0800
0.2667 0.2133 -0.0533
0.2667 0.2133 -0.0267
0.2667 0.2133 0.0000
0.2667 0.2133 0.0267
0.2667 0.2133 0.0533
0.2667 0.2133 0.0800
0.2667 0.2133 0.1067
0.2667 0.2133 0.1333
0.2667 0.2133 0.1600
0.2933 0.2133 -0.1600
0.2933 0.2133 -0.1333
0.2933 0.2133 -0.1067
0.2933 0.2133 -0.0800
0.2933 0.2133 -0.0533
0.2933 0.2133 -0.0267
0.2933 0.2133 0.0000
0.2933 0.2133 0.0267
0.2933 0.2133 0.0533
0.2933 0.2133 0.0800
0.2933 0.2133 0.1067
0.2933 0.2133 0.1333
0.2933 0.2133 0.1600
0.3200 0.2133 -0.1600
0.3200 0.2133 -0.1333
0.3200 0.2133 -0.1067
0.3200 0.2133 -0.0800
0.3200 0.2133 -0.0533
0.3200 0.2133 -0.0267
0.3200 0.2133 0.0000
0.3200 0.2133 0.0267
0.3200 0.2133 0.0533
0.3200 0.2133 0.0800
0.3200 0.2133 0.1067
0.3200 0.2133 0.1333
0.3200 0.2133 0.1600
0.0000 0.2400 -0.1600
0.0000 0.2400 -0.1333
0.0000 0.2400 -0.1067
0.0000 0.2400 -0.0800
0.0000 0.2400 -0.0533
0.0000 0.2400 -0.0267
0.0000 0.2400 0.0000
0.0000 0.2400 0.0267
0.0000 0.2400 0.0533
0.0000 0.2400 0.0800
0.0000 0.2400 0.1067
0.0000 0.2400 0.1333
0.0000 0.2400 0.1600
0.0267 0.2400 -0.1600
0.0267 0.2400 -0.1333
0.0267 0.2400 -0.1067
0.0267 0.2400 -0.0800
0.0267 0.2400 -0.0533
0.0267 0.2400 -0.0267
0.0267 0.2400 0.0000
0.0267 0.2400 0.0267
0.0267 0.2400 0.0533
0.0267 0.2400 0.0800
0.0267 0.2400 0.1067
0.0267 0.2400 0.1333
0.0267 0.2400 0.1600
0.0533 0.2400 -0.1600
0.0533 0.2400 -0.1333
0.0533 0.2400 -0.1067
0.0533 0.2400 -0.0800
0.0533 0.2400 -0.0533
0.0533 0.2400 -0.0267
0.0533 0.2400 0.0000
0.0533 0.2400 0.0267
0.0533 0.2400 0.0533
0.0533 0.2400 0.0800
0.0533 0.2400 0.1067
0.0533 0.2400 0.1333
0.0533 0.2400 0.1600
0.0800 0.2400 -0.1600
0.0800 0.2400 -0.1333
0.0800 0.2400 -0.1067
0.0800 0.2400 -0.0800
0.0800 0.2400 -0.0533
0.0800 0.2400 -0.0267
0.0800 0.2400 0.0000
0.0800 0.2400 0.0267
0.0800 0.2400 0.0533
0.0800 0.2400 0.0800
0.0800 0.2400 0.1067
0.0800 0.2400 0.1333
0.0800 0.2400 0.1600
0.1067 0.2400 -0.1600
0.1067 0.2400 -0.1333
0.1067 0.2400 -0.1067
0.1067 0.2400 -0.0800
0.1067 0.2400 -0.0533
0.1067 0.2400 -0.0267
0.1067 0.2400 0.0000
0.1067 0.2400 0.0267
0.1067 0.2400 0.0533
0.1067 0.2400 0.0800
0.1067 0.2400 0.1067
0.1067 0.2400 0.1333
0.1067 0.2400 0.1600
0.1333 0.2400 -0.1600
0.1333 0.2400 -0.1333
0.1333 0.2400 -0.1067
0.1333 0.2400 -0.0800
0.1333 0.2400 -0.0533
0.1333 0.2400 -0.0267
0.1333 0.2400 0.0000
0.1333 0.2400 0.0267
0.1333 0.2400 0.0533
0.1333 0.2400 0.0800
0.1333 0.2400 0.1067
0.1333 0.2400 0.1333
0.1333 0.2400 0.1600
0.1600 0.2400 -0.1600
0.1600 0.2400 -0.1333
0.1600 0.2400 -0.1067
0.1600 0.2400 -0.0800
0.1600 0.2400 -0.0533
0.1600 0.2400 -0.0267
0.1600 0.2400 0.0000
0.1600 0.2400 0.0267
0.1600 0.2400 0.0533
0.1600 0.2400 0.0800
0.1600 0.2400 0.1067
0.1600 0.2400 0.1333
0.1600 0.2400 0.1600
0.1867 0.2400 -0.1600
0.1867 0.2400 -0.1333
0.1867 0.2400 -0.1067
0.1867 0.2400 -0.0800
0.1867 0.2400 -0.0533
0.1867 0.2400 -0.0267
0.1867 0.2400 0.0000
0.1867 0.2400 0.0267
0.1867 0.2400 0.0533
0.1867 0.2400 0.0800
0.1867 0.2400 0.1067
0.1867 0.2400 0.1333
0.1867 0.2400 0.1600
0.2133 0.2400 -0.1600
0.2133 0.2400 -0.1333
0.2133 0.2400 -0.1067
0.2133 0.2400 -0.0800
0.2133 0.2400 -0.0533
0.2133 0.2400 -0.0267
0.2133 0.2400 0.0000
0.2133 0.2400 0.0267
0.2133 0.2400 0.0533
0.2133 0.2400 0.0800
0.2133 0.2400 0.1067
0.2133 0.2400 0.1333
0.2133 0.2400 0.1600
0.2400 0.2400 -0.1600
0.2400 0.2400 -0.1333
0.2400 0.2400 -0.1067
0.2400 0.2400 -0.0800
0.2400 0.2400 -0.0533
0.2400 0.2400 -0.0267
0.2400 0.2400 0.0000
0.2400 0.2400 0.0267
0.2400 0.2400 0.0533
0.2400 0.2400 0.0800
0.2400 0.2400 0.1067
0.2400 0.2400 0.1333
0.2400 0.2400 0.1600
0.2667 0.2400 -0.1600
0.2667 0.2400 -0.1333
0.2667 0.2400 -0.1067
0.2667 0.2400 -0.0800
0.2667 0.2400 -0.0533
0.2667 0.2400 -0.0267
0.2667 0.2400 0.0000
0.2667 0.2400 0.0267
0.2667 0.2400 0.0533
0.2667 0.2400 0.0800
0.2667 0.2400 0.1067
0.2667 0.2400 0.1333
0.2667 0.2400 0.1600
0.2933 0.2400 -0.1600
0.2933 0.2400 -0.1333
0.2933 0.2400 -0.1067
0.2933 0.2400 -0.0800
0.2933 0.2400 -0.0533
0.2933 0.2400 -0.0267
0.2933 0.2400 0.0000
0.2933 0.2400 0.0267
0.2933 0.2400 0.0533
0.2933 0.2400 0.0800
0.2933 0.2400 0.1067
0.2933 0.2400 0.1333
0.2933 0.2400 0.1600
0.3200 0.2400 -0.1600
0.3200 0.2400 -0.1333
0.3200 0.2400 -0.1067
0.3200 0.2400 -0.0800
0.3200 0.2400 -0.0533
0.3200 0.2400 -0.0267
0.3200 0.2400 0.0000
0.3200 0.2400 0.0267
0.3200 0.2400 0.0533
0.3200 0.2400 0.0800
0.3200 0.2400 0.1067
0.3200 0.2400 0.1333
0.3200 0.2400 0.1600
0.0000 0.2667 -0.1600
0.0000 0.2667 -0.1333
0.0000 0.2667 -0.1067
0.0000 0.2667 -0.0800
0.0000 0.2667 -0.0533
0.0000 0.2667 -0.0267
0.0000 0.2667 0.0000
0.0000 0.2667 0.0267
0.0000 0.2667 0.0533
0.0000 0.2667 0.0800
0.0000 0.2667 0.1067
0.0000 0.2667 0.1333
0.0000 0.2667 0.1600
0.0267 0.2667 -0.1600
0.0267 0.2667 -0.1333
0.0267 0.2667 -0.1067
0.0267 0.2667 -0.0800
0.0267 0.2667 -0.0533
0.0267 0.2667 -0.0267
0.0267 0.2667 0.0000
0.0267 0.2667 0.0267
0.0267 0.2667 0.0533
0.0267 0.2667 0.0800
0.0267 0.2667 0.1067
0.0267 0.2667 0.1333
0.0267 0.2667 0.1600
0.0533 0.2667 -0.1600
0.0533 0.2667 -0.1333
0.0533 0.2667 -0.1067
0.0533 0.2667 -0.0800
0.0533 0.2667 -0.0533
0.0533 0.2667 -0.0267
0.0533 0.2667 0.0000
0.0533 0.2667 0.0267
0.0533 0.2667 0.0533
0.0533 0.2667 0.0800
0.0533 0.2667 0.1067
0.0533 0.2667 0.1333
0.0533 0.2667 0.1600
0.0800 0.2667 -0.1600
0.0800 0.2667 -0.1333
0.0800 0.2667 -0.1067
0.0800 0.2667 -0.0800
0.0800 0.2667 -0.0533
0.0800 0.2667 -0.0267
0.0800 0.2667 0.0000
0.0800 0.2667 0.0267
0.0800 0.2667 0.0533
0.0800 0.2667 0.0800
0.0800 0.2667 0.1067
0.0800 0.2667 0.1333
0.0800 0.2667 0.1600
0.1067 0.2667 -0.1600
0.1067 0.2667 -0.1333
0.1067 0.2667 -0.1067
0.1067 0.2667 -0.0800
0.1067 0.2667 -0.0533
0.1067 0.2667 -0.0267
0.1067 0.2667 0.0000
0.1067 0.2667 0.0267
0.1067 0.2667 0.0533
0.1067 0.2667 0.0800
0.1067 0.2667 0.1067
0.1067 0.2667 0.1333
0.1067 0.2667 0.1600
0.1333 0.2667 -0.1600
0.1333 0.2667 -0.1333
0.1333 0.2667 -0.1067
0.1333 0.2667 -0.0800
0.1333 0.2667 -0.0533
0.1333 0.2667 -0.0267
0.1333 0.2667 0.0000
0.1333 0.2667 0.0267
0.1333 0.2667 0.0533
0.1333 0.2667 0.0800
0.1333 0.2667 0.1067
0.1333 0.2667 0.1333
0.1333 0.2667 0.1600
0.1600 0.2667 -0.1600
0.1600 0.2667 -0.1333
0.1600 0.2667 -0.1067
0.1600 0.2667 -0.0800
0.1600 0.2667 -0.0533
0.1600 0.2667 -0.0267
0.1600 0.2667 0.0000
0.1600 0.2667 0.0267
0.1600 0.2667 0.0533
0.1600 0.2667 0.0800
0.1600 0.2667 0.1067
0.1600 0.2667 0.1333
0.1600 0.2667 0.1600
0.1867 0.2667 -0.1600
0.1867 0.2667 -0.1333
0.1867 0.2667 -0.1067
0.1867 0.2667 -0.0800
0.1867 0.2667 -0.0533
0.1867 0.2667 -0.0267
0.1867 0.2667 0.0000
0.1867 0.2667 0.0267
0.1867 0.2667 0.0533
0.1867 0.2667 0.0800
0.1867 0.2667 0.1067
0.1867 0.2667 0.1333
0.1867 0.2667 0.1600
0.2133 0.2667 -0.1600
0.2133 0.2667 -0.1333
0.2133 0.2667 -0.1067
0.2133 0.2667 -0.0800
0.2133 0.2667 -0.0533
0.2133 0.2667 -0.0267
0.2133 0.2667 0.0000
0.2133 0.2667 0.0267
0.2133 0.2667 0.0533
0.2133 0.2667 0.0800
0.2133 0.2667 0.1067
0.2133 0.2667 0.1333
0.2133 0.2667 0.1600
0.2400 0.2667 -0.1600
0.2400 0.2667 -0.1333
0.2400 0.2667 -0.1067
0.2400 0.2667 -0.0800
0.2400 0.2667 -0.0533
0.2400 0.2667 -0.0267
0.2400 0.2667 0.0000
0.2400 0.2667 0.0267
0.2400 0.2667 0.0533
0.2400 0.2667 0.0800
0.2400 0.2667 0.1067
0.2400 0.2667 0.1333
0.2400 0.2667 0.1600
0.2667 0.2667 -0.1600
0.2667 0.2667 -0.1333
0.2667 0.2667 -0.1067
0.2667 0.2667 -0.0800
0.2667 0.2667 -0.0533
0.2667 0.2667 -0.0267
0.2667 0.2667 0.0000
0.2667 0.2667 0.0267
0.2667 0.2667 0.0533
0.2667 0.2667 0.0800
0.2667 0.2667 0.1067
0.2667 0.2667 0.1333
0.2667 0.2667 0.1600
0.2933 0.2667 -0.1600
0.2933 0.2667 -0.1333
0.2933 0.2667 -0.1067
0.2933 0.2667 -0.0800
0.2933 0.2667 -0.0533
0.2933 0.2667 -0.0267
0.2933 0.2667 0.0000
0.2933 0.2667 0.0267
0.2933 0.2667 0.0533
0.2933 0.2667 0.0800
0.2933 0.2667 0.1067
0.2933 0.2667 0.1333
0.2933 0.2667 0.1600
0.3200 0.2667 -0.1600
0.3200 0.2667 -0.1333
0.3200 0.2667 -0.1067
0.3200 0.2667 -0.0800
0.3200 0.2667 -0.0533
0.3200 0.2667 -0.0267
0.3200 0.2667 0.0000
0.3200 0.2667 0.0267
0.3200 0.2667 0.0533
0.3200 0.2667 0.0800
0.3200 0.2667 0.1067
0.3200 0.2667 0.1333
0.3200 0.2667 0.1600
0.0000 0.2933 -0.1600
0.0000 0.2933 -0.1333
0.0000 0.2933 -0.1067
0.0000 0.2933 -0.0800
0.0000 0.2933 -0.0533
0.0000 0.2933 -0.0267
0.0000 0.2933 0.0000
0.0000 0.2933 0.0267
0.0000 0.2933 0.0533
0.0000 0.2933 0.0800
0.0000 0.2933 0.1067
0.0000 0.2933 0.1333
0.0000 0.2933 0.1600
0.0267 0.2933 -0.1600
0.0267 0.2933 -0.1333
0.0267 0.2933 -0.1067
0.0267 0.2933 -0.0800
0.0267 0.2933 -0.0533
0.0267 0.2933 -0.0267
0.0267 0.2933 0.0000
0.0267 0.2933 0.0267
0.0267 0.2933 0.0533
0.0267 0.2933 0.0800
0.0267 0.2933 0.1067
0.0267 0.2933 0.1333
0.0267 0.2933 0.1600
0.0533 0.2933 -0.1600
0.0533 0.2933 -0.1333
0.0533 0.2933 -0.1067
0.0533 0.2933 -0.0800
0.0533 0.2933 -0.0533
0.0533 0.2933 -0.0267
0.0533 0.2933 0.0000
0.0533 0.2933 0.0267
0.0533 0.2933 0.0533
0.0533 0.2933 0.0800
0.0533 0.2933 0.1067
0.0533 0.2933 0.1333
0.0533 0.2933 0.1600
0.0800 0.2933 -0.1600
0.0800 0.2933 -0.1333
0.0800 0.2933 -0.1067
0.0800 0.2933 -0.0800
0.0800 0.2933 -0.0533
0.0800 0.2933 -0.0267
0.0800 0.2933 0.0000
0.0800 0.2933 0.0267
0.0800 0.2933 0.0533
0.0800 0.2933 0.0800
0.0800 0.2933 0.1067
0.0800 0.2933 0.1333
0.0800 0.2933 0.1600
0.1067 0.2933 -0.1600
0.1067 0.2933 -0.1333
0.1067 0.2933 -0.1067
0.1067 0.2933 -0.0800
0.1067 0.2933 -0.0533
0.1067 0.2933 -0.0267
0.1067 0.2933 0.0000
0.1067 0.2933 0.0267
0.1067 0.2933 0.0533
0.1067 0.2933 0.0800
0.1067 0.2933 0.1067
0.1067 0.2933 0.1333
0.1067 0.2933 0.1600
0.1333 0.2933 -0.1600
0.1333 0.2933 -0.1333
0.1333 0.2933 -0.1067
0.1333 0.2933 -0.0800
0.1333 0.2933 -0.0533
0.1333 0.2933 -0.0267
0.1333 0.2933 0.0000
0.1333 0.2933 0.0267
0.1333 0.2933 0.0533
0.1333 0.2933 0.0800
0.1333 0.2933 0.1067
0.1333 0.2933 0.1333
0.1333 0.2933 0.1600
0.1600 0.2933 -0.1600
0.1600 0.2933 -0.1333
0.1600 0.2933 -0.1067
0.1600 0.2933 -0.0800
0.1600 0.2933 -0.0533
0.1600 0.2933 -0.0267
0.1600 0.2933 0.0000
0.1600 0.2933 0.0267
0.1600 0.2933 0.0533
0.1600 0.2933 0.0800
0.1600 0.2933 0.1067
0.1600 0.2933 0.1333
0.1600 0.2933 0.1600
0.1867 0.2933 -0.1600
0.1867 0.2933 -0.1333
0.1867 0.2933 -0.1067
0.1867 0.2933 -0.0800
0.1867 0.2933 -0.0533
0.1867 0.2933 -0.0267
0.1867 0.2933 0.0000
0.1867 0.2933 0.0267
0.1867 0.2933 0.0533
0.1867 0.2933 0.0800
0.1867 0.2933 0.1067
0.1867 0.2933 0.1333
0.1867 0.2933 0.1600
0.2133 0.2933 -0.1600
0.2133 0.2933 -0.1333
0.2133 0.2933 -0.1067
0.2133 0.2933 -0.0800
0.2133 0.2933 -0.0533
0.2133 0.2933 -0.0267
0.2133 0.2933 0.0000
0.2133 0.2933 0.0267
0.2133 0.2933 0.0533
0.2133 0.2933 0.0800
0.2133 0.2933 0.1067
0.2133 0.2933 0.1333
0.2133 0.2933 0.1600
0.2400 0.2933 -0.1600
0.2400 0.2933 -0.1333
0.2400 0.2933 -0.1067
0.2400 0.2933 -0.0800
0.2400 0.2933 -0.0533
0.2400 0.2933 -0.0267
0.2400 0.2933 0.0000
0.2400 0.2933 0.0267
0.2400 0.2933 0.0533
0.2400 0.2933 0.0800
0.2400 0.2933 0.1067
0.2400 0.2933 0.1333
0.2400 0.2933 0.1600
0.2667 0.2933 -0.1600
0.2667 0.2933 -0.1333
0.2667 0.2933 -0.1067
0.2667 0.2933 -0.0800
0.2667 0.2933 -0.0533
0.2667 0.2933 -0.0267
0.2667 0.2933 0.0000
0.2667 0.2933 0.0267
0.2667 0.2933 0.0533
0.2667 0.2933 0.0800
0.2667 0.2933 0.1067
0.2667 0.2933 0.1333
0.2667 0.2933 0.1600
0.2933 0.2933 -0.1600
0.2933 0.2933 -0.1333
0.2933 0.2933 -0.1067
0.2933 0.2933 -0.0800
0.2933 0.2933 -0.0533
0.2933 0.2933 -0.0267
0.2933 0.2933 0.0000
0.2933 0.2933 0.0267
0.2933 0.2933 0.0533
0.2933 0.2933 0.0800
0.2933 0.2933 0.1067
0.2933 0.2933 0.1333
0.2933 0.2933 0.1600
0.3200 0.2933 -0.1600
0.3200 0.2933 -0.1333
0.3200 0.2933 -0.1067
0.3200 0.2933 -0.0800
0.3200 0.2933 -0.0533
0.3200 0.2933 -0.0267
0.3200 0.2933 0.0000
0.3200 0.2933 0.0267
0.3200 0.2933 0.0533
0.3200 0.2933 0.0800
0.3200 0.2933 0.1067
0.3200 0.2933 0.1333
0.3200 0.2933 0.1600
0.0000 0.3200 -0.1600
0.0000 0.3200 -0.1333
0.0000 0.3200 -0.1067
0.0000 0.3200 -0.0800
0.0000 0.3200 -0.0533
0.0000 0.3200 -0.0267
0.0000 0.3200 0.0000
0.0000 0.3200 0.0267
0.0000 0.3200 0.0533
0.0000 0.3200 0.0800
0.0000 0.3200 0.1067
0.0000 0.3200 0.1333
0.0000 0.3200 0.1600
0.0267 0.3200 -0.1600
0.0267 0.3200 -0.1333
0.0267 0.3200 -0.1067
0.0267 0.3200 -0.0800
0.0267 0.3200 -0.0533
0.0267 0.3200 -0.0267
0.0267 0.3200 0.0000
0.0267 0.3200 0.0267
0.0267 0.3200 0.0533
0.0267 0.3200 0.0800
0.0267 0.3200 0.1067
0.0267 0.3200 0.1333
0.0267 0.3200 0.1600
0.0533 0.3200 -0.1600
0.0533 0.3200 -0.1333
0.0533 0.3200 -0.1067
0.0533 0.3200 -0.0800
0.0533 0.3200 -0.0533
0.0533 0.3200 -0.0267
0.0533 0.3200 0.0000
0.0533 0.3200 0.0267
0.0533 0.3200 0.0533
0.0533 0.3200 0.0800
0.0533 0.3200 0.1067
0.0533 0.3200 0.1333
0.0533 0.3200 0.1600
0.0800 0.3200 -0.1600
0.0800 0.3200 -0.1333
0.0800 0.3200 -0.1067
0.0800 0.3200 -0.0800
0.0800 0.3200 -0.0533
0.0800 0.3200 -0.0267
0.0800 0.3200 0.0000
0.0800 0.3200 0.0267
0.0800 0.3200 0.0533
0.0800 0.3200 0.0800
0.0800 0.3200 0.1067
0.0800 0.3200 0.1333
0.0800 0.3200 0.1600
0.1067 0.3200 -0.1600
0.1067 0.3200 -0.1333
0.1067 0.3200 -0.1067
0.1067 0.3200 -0.0800
0.1067 0.3200 -0.0533
0.1067 0.3200 -0.0267
0.1067 0.3200 0.0000
0.1067 0.3200 0.0267
0.1067 0.3200 0.0533
0.1067 0.3200 0.0800
0.1067 0.3200 0.1067
0.1067 0.3200 0.1333
0.1067 0.3200 0.1600
0.1333 0.3200 -0.1600
0.1333 0.3200 -0.1333
0.1333 0.3200 -0.1067
0.1333 0.3200 -0.0800
0.1333 0.3200 -0.0533
0.1333 0.3200 -0.0267
0.1333 0.3200 0.0000
0.1333 0.3200 0.0267
0.1333 0.3200 0.0533
0.1333 0.3200 0.0800
0.1333 0.3200 0.1067
0.1333 0.3200 0.1333
0.1333 0.3200 0.1600
0.1600 0.3200 -0.1600
0.1600 0.3200 -0.1333
0.1600 0.3200 -0.1067
0.1600 0.3200 -0.0800
0.1600 0.3200 -0.0533
0.1600 0.3200 -0.0267
0.1600 0.3200 0.0000
0.1600 0.3200 0.0267
0.1600 0.3200 0.0533
0.1600 0.3200 0.0800
0.1600 0.3200 0.1067
0.1600 0.3200 0.1333
0.1600 0.3200 0.1600
0.1867 0.3200 -0.1600
0.1867 0.3200 -0.1333
0.1867 0.3200 -0.1067
0.1867 0.3200 -0.0800
0.1867 0.3200 -0.0533
0.1867 0.3200 -0.0267
0.1867 0.3200 0.0000
0.1867 0.3200 0.0267
0.1867 0.3200 0.0533
0.1867 0.3200 0.0800
0.1867 0.3200 0.1067
0.1867 0.3200 0.1333
0.1867 0.3200 0.1600
0.2133 0.3200 -0.1600
0.2133 0.3200 -0.1333
0.2133 0.3200 -0.1067
0.2133 0.3200 -0.0800
0.2133 0.3200 -0.0533
0.2133 0.3200 -0.0267
0.2133 0.3200 0.0000
0.2133 0.3200 0.0267
0.2133 0.3200 0.0533
0.2133 0.3200 0.0800
0.2133 0.3200 0.1067
0.2133 0.3200 0.1333
0.2133 0.3200 0.1600
0.2400 0.3200 -0.1600
0.2400 0.3200 -0.1333
0.2400 0.3200 -0.1067
0.2400 0.3200 -0.0800
0.2400 0.3200 -0.0533
0.2400 0.3200 -0.0267
0.2400 0.3200 0.0000
0.2400 0.3200 0.0267
0.2400 0.3200 0.0533
0.2400 0.3200 0.0800
0.2400 0.3200 0.1067
0.2400 0.3200 0.1333
0.2400 0.3200 0.1600
0.2667 0.3200 -0.1600
0.2667 0.3200 -0.1333
0.2667 0.3200 -0.1067
0.2667 0.3200 -0.0800
0.2667 0.3200 -0.0533
0.2667 0.3200 -0.0267
0.2667 0.3200 0.0000
0.2667 0.3200 0.0267
0.2667 0.3200 0.0533
0.2667 0.3200 0.0800
0.2667 0.3200 0.1067
0.2667 0.3200 0.1333
0.2667 0.3200 0.1600
0.2933 0.3200 -0.1600
0.2933 0.3200 -0.1333
0.2933 0.3200 -0.1067
0.2933 0.3200 -0.0800
0.2933 0.3200 -0.0533
0.2933 0.3200 -0.0267
0.2933 0.3200 0.0000
0.2933 0.3200 0.0267
0.2933 0.3200 0.0533
0.2933 0.3200 0.0800
0.2933 0.3200 0.1067
0.2933 0.3200 0.1333
0.2933 0.3200 0.1600
0.3200 0.3200 -0.1600
0.3200 0.3200 -0.1333
0.3200 0.3200 -0.1067
0.3200 0.3200 -0.0800
0.3200 0.3200 -0.0533
0.3200 0.3200 -0.0267
0.3200 0.3200 0.0000
0.3200 0.3200 0.0267
0.3200 0.3200 0.0533
0.3200 0.3200 0.0800
0.3200 0.3200 0.1067
0.3200 0.3200 0.1333
0.3200 0.3200 0.1600
